model = BaggingRegressor(n_estimators=q)
q c a smape
7 1 1 0.480061246793
7 1 2 0.454597360526
7 1 3 0.478964219613
7 1 4 0.493134334988
7 1 5 0.498298185877
7 1 6 0.5860237252
7 1 7 0.501217602166
7 1 8 0.55775011667
7 1 9 0.537862824128
7 2 1 0.399341009292
7 2 2 0.405259819507
7 2 3 0.396519739955
7 2 4 0.408861505802
7 2 5 0.44263011826
7 2 6 0.406258913509
7 2 7 0.454311476329
7 2 8 0.428733424652
7 2 9 0.432304879832
7 3 1 0.39001372344
7 3 2 0.391767686125
7 3 3 0.383137121594
7 3 4 0.405954271298
7 3 5 0.444692021896
7 3 6 0.390691145245
7 3 7 0.400856972889
7 3 8 0.390659487784
7 3 9 0.402596727316
7 4 1 0.430338384741
7 4 2 0.403985793872
7 4 3 0.388788877166
7 4 4 0.365534770524
7 4 5 0.381512599716
7 4 6 0.376608407126
7 4 7 0.362583867641
7 4 8 0.373581806535
7 4 9 0.371740504234
7 5 1 0.356103901589
7 5 2 0.350995505382
7 5 3 0.366771132763
7 5 4 0.345309141832
7 5 5 0.346193002819
7 5 6 0.351294945444
7 5 7 0.351626826663
7 5 8 0.350699711128
7 5 9 0.352495344439
7 6 1 0.342112804838
7 6 2 0.338793825207
7 6 3 0.340741380673
7 6 4 0.333326862607
7 6 5 0.327665167968
7 6 6 0.329921881107
7 6 7 0.327952558732
7 6 8 0.33662139892
7 6 9 0.326027585052
7 7 1 0.342375086249
7 7 2 0.342611476417
7 7 3 0.332682365021
7 7 4 0.32859467704
7 7 5 0.327582346752
7 7 6 0.327995396379
7 7 7 0.326606873321
7 7 8 0.327206688973
7 7 9 0.324809757355
7 8 1 0.368876600752
7 8 2 0.327615375463
7 8 3 0.339682719635
7 8 4 0.350348162845
7 8 5 0.337281522134
7 8 6 0.326249260075
7 8 7 0.326282615236
7 8 8 0.337300207103
7 8 9 0.332045963806
7 9 1 0.353758345611
7 9 2 0.325542221799
7 9 3 0.341596307517
7 9 4 0.323717465503
7 9 5 0.335185636487
7 9 6 0.322569509704
7 9 7 0.320255417374
7 9 8 0.328356789553
7 9 9 0.320438745028
8 1 1 0.462902476624
8 1 2 0.499666402634
8 1 3 0.480043629419
8 1 4 0.466062433546
8 1 5 0.489179922857
8 1 6 0.516993447279
8 1 7 0.517811957611
8 1 8 0.542220378686
8 1 9 0.48896100735
8 2 1 0.433208402244
8 2 2 0.421025784733
8 2 3 0.417810769391
8 2 4 0.404447923336
8 2 5 0.425218897294
8 2 6 0.414022461431
8 2 7 0.412008659829
8 2 8 0.448330856224
8 2 9 0.448044049406
8 3 1 0.391766115868
8 3 2 0.391654545041
8 3 3 0.392216230134
8 3 4 0.416219563761
8 3 5 0.379056650654
8 3 6 0.38891657298
8 3 7 0.391503610157
8 3 8 0.401527680773
8 3 9 0.412221929639
8 4 1 0.381471449879
8 4 2 0.369455133286
8 4 3 0.40852918882
8 4 4 0.354636901464
8 4 5 0.393087232273
8 4 6 0.361677310256
8 4 7 0.400600733648
8 4 8 0.382025235772
8 4 9 0.370934125825
8 5 1 0.369805654372
8 5 2 0.357680523706
8 5 3 0.348273668817
8 5 4 0.345577633042
8 5 5 0.343050971699
8 5 6 0.347883802073
8 5 7 0.350043586933
8 5 8 0.345816686214
8 5 9 0.351010501669
8 6 1 0.344855311998
8 6 2 0.337300635802
8 6 3 0.332682469643
8 6 4 0.328937990236
8 6 5 0.330247200278
8 6 6 0.326000105537
8 6 7 0.332872148814
8 6 8 0.327019603581
8 6 9 0.324655691347
8 7 1 0.345064370764
8 7 2 0.331811987868
8 7 3 0.333435740344
8 7 4 0.324516070375
8 7 5 0.327377021122
8 7 6 0.325522713789
8 7 7 0.320924038828
8 7 8 0.326402922404
8 7 9 0.324991488485
8 8 1 0.346730646683
8 8 2 0.330537966651
8 8 3 0.326984968269
8 8 4 0.351214246744
8 8 5 0.323253182663
8 8 6 0.337883841107
8 8 7 0.342349896103
8 8 8 0.320576775528
8 8 9 0.322002519844
8 9 1 0.335264306116
8 9 2 0.343250575048
8 9 3 0.324523881827
8 9 4 0.328100520736
8 9 5 0.329694356062
8 9 6 0.320077327297
8 9 7 0.319500851865
8 9 8 0.319962173034
8 9 9 0.320300759864
9 1 1 0.472182390227
9 1 2 0.499811222119
9 1 3 0.478866219295
9 1 4 0.53102395196
9 1 5 0.49500605661
9 1 6 0.515724015804
9 1 7 0.527728425295
9 1 8 0.528565196618
9 1 9 0.517635944693
9 2 1 0.400700068012
9 2 2 0.442832328088
9 2 3 0.40328618077
9 2 4 0.420052925953
9 2 5 0.452574600034
9 2 6 0.404271496299
9 2 7 0.414563129196
9 2 8 0.431200022027
9 2 9 0.436849238393
9 3 1 0.381695047415
9 3 2 0.365575406579
9 3 3 0.390827330898
9 3 4 0.41077422904
9 3 5 0.398599588779
9 3 6 0.399636664671
9 3 7 0.407515132585
9 3 8 0.389292331383
9 3 9 0.406178466933
9 4 1 0.366462654204
9 4 2 0.395793525074
9 4 3 0.380179843256
9 4 4 0.420122218661
9 4 5 0.386644999241
9 4 6 0.409747516806
9 4 7 0.387997542301
9 4 8 0.363875409416
9 4 9 0.376701990568
9 5 1 0.354562427543
9 5 2 0.365605135282
9 5 3 0.347523969065
9 5 4 0.340283150464
9 5 5 0.347487333723
9 5 6 0.345446850017
9 5 7 0.346161800983
9 5 8 0.345042575163
9 5 9 0.346698800113
9 6 1 0.349565229635
9 6 2 0.339230945424
9 6 3 0.33342667661
9 6 4 0.332090755169
9 6 5 0.327711109975
9 6 6 0.32798229738
9 6 7 0.324938755628
9 6 8 0.322722737794
9 6 9 0.326577226525
9 7 1 0.33833017852
9 7 2 0.335710926917
9 7 3 0.332191947991
9 7 4 0.321281159835
9 7 5 0.324637735152
9 7 6 0.322654590684
9 7 7 0.329402871773
9 7 8 0.320722218206
9 7 9 0.322200990433
9 8 1 0.346062098844
9 8 2 0.341003110478
9 8 3 0.324064090324
9 8 4 0.335541685704
9 8 5 0.331318982207
9 8 6 0.320040432183
9 8 7 0.336621986693
9 8 8 0.321512114916
9 8 9 0.322481925268
9 9 1 0.331961997831
9 9 2 0.323018081277
9 9 3 0.31820980452
9 9 4 0.326976913303
9 9 5 0.317005680224
9 9 6 0.320173620413
9 9 7 0.31421919576
9 9 8 0.317168957941
9 9 9 0.314223547312
10 1 1 0.451805787878
10 1 2 0.484541617493
10 1 3 0.440772308968
10 1 4 0.477107533055
10 1 5 0.466352298916
10 1 6 0.538540726841
10 1 7 0.496189741713
10 1 8 0.510268667851
10 1 9 0.532240299868
10 2 1 0.422592086113
10 2 2 0.408613233092
10 2 3 0.400004425848
10 2 4 0.400290474048
10 2 5 0.460035519194
10 2 6 0.459597682412
10 2 7 0.437382647478
10 2 8 0.441914946587
10 2 9 0.42623185153
10 3 1 0.394665518742
10 3 2 0.386470149472
10 3 3 0.416615845141
10 3 4 0.401121415573
10 3 5 0.416646341709
10 3 6 0.388697545806
10 3 7 0.430056262922
10 3 8 0.415255782631
10 3 9 0.419230619602
10 4 1 0.378516219056
10 4 2 0.390387146811
10 4 3 0.385992339788
10 4 4 0.371406882286
10 4 5 0.369342483124
10 4 6 0.389352542392
10 4 7 0.367839404511
10 4 8 0.391223686317
10 4 9 0.36821319224
10 5 1 0.35137584273
10 5 2 0.346660220749
10 5 3 0.362573058945
10 5 4 0.344750845757
10 5 5 0.341637888204
10 5 6 0.340668463808
10 5 7 0.349171793373
10 5 8 0.342419997932
10 5 9 0.35314148088
10 6 1 0.345527554401
10 6 2 0.337317144094
10 6 3 0.344347763378
10 6 4 0.325872602083
10 6 5 0.321853954818
10 6 6 0.326279586047
10 6 7 0.323409815295
10 6 8 0.322785582591
10 6 9 0.326140979542
10 7 1 0.334363685768
10 7 2 0.327349365848
10 7 3 0.331095794422
10 7 4 0.326778570147
10 7 5 0.325051610782
10 7 6 0.321253159274
10 7 7 0.323833291149
10 7 8 0.321190497712
10 7 9 0.322635746632
10 8 1 0.339894627113
10 8 2 0.346173199481
10 8 3 0.332857271674
10 8 4 0.334499508371
10 8 5 0.322092575931
10 8 6 0.318800784875
10 8 7 0.323810733972
10 8 8 0.32701134597
10 8 9 0.32450013497
10 9 1 0.352899866937
10 9 2 0.331983466892
10 9 3 0.33061326871
10 9 4 0.324460800725
10 9 5 0.320848562273
10 9 6 0.317143282694
10 9 7 0.324317853818
10 9 8 0.325462437685
10 9 9 0.3214131206
11 1 1 0.403612589939
11 1 2 0.457546137504
11 1 3 0.468938495324
11 1 4 0.508815767577
11 1 5 0.500092360712
11 1 6 0.527573425798
11 1 7 0.531399462272
11 1 8 0.583923068569
11 1 9 0.521209615004
11 2 1 0.418964954675
11 2 2 0.414107178273
11 2 3 0.408808081237
11 2 4 0.433029477575
11 2 5 0.422706937767
11 2 6 0.483635649751
11 2 7 0.468100927604
11 2 8 0.418677781394
11 2 9 0.429514155673
11 3 1 0.412719965243
11 3 2 0.380551739572
11 3 3 0.383530062988
11 3 4 0.386809355872
11 3 5 0.416316448131
11 3 6 0.380944941459
11 3 7 0.392833677706
11 3 8 0.403474487271
11 3 9 0.390505954427
11 4 1 0.361890989137
11 4 2 0.403633602013
11 4 3 0.391028129482
11 4 4 0.366174862816
11 4 5 0.366673110434
11 4 6 0.374745430735
11 4 7 0.380621518503
11 4 8 0.376570535129
11 4 9 0.372056198232
11 5 1 0.359590526088
11 5 2 0.361424335155
11 5 3 0.340708578854
11 5 4 0.364111085001
11 5 5 0.34914749181
11 5 6 0.338466010067
11 5 7 0.357379810803
11 5 8 0.343801998052
11 5 9 0.346251553043
11 6 1 0.35296550295
11 6 2 0.343513905232
11 6 3 0.326678171699
11 6 4 0.323965282737
11 6 5 0.324012620082
11 6 6 0.326682030714
11 6 7 0.327328955865
11 6 8 0.322312689862
11 6 9 0.321916046967
11 7 1 0.345178746979
11 7 2 0.33124150009
11 7 3 0.328206114582
11 1 1 0.447164578297
11 1 2 0.470087022678
11 1 3 0.471084677673
11 1 4 0.466878121926
11 1 5 0.482097492673
11 1 6 0.517370145368
11 1 7 0.513658196739
11 1 8 0.566186363711
11 1 9 0.524840231307
11 2 1 0.416457278688
11 2 2 0.426233733172
11 2 3 0.440562288362
11 2 4 0.408464278522
11 2 5 0.471389090284
11 2 6 0.4114148572
11 2 7 0.428930928493
11 2 8 0.424781369811
11 2 9 0.438167377199
11 3 1 0.444924746142
11 3 2 0.368373386676
11 3 3 0.383090597358
11 3 4 0.375223140104
11 3 5 0.403887184461
11 3 6 0.434883831595
11 3 7 0.398132223427
11 3 8 0.407077177751
11 3 9 0.41460038188
11 4 1 0.380123332582
11 4 2 0.356465873261
11 4 3 0.399791903404
11 4 4 0.36533475748
11 4 5 0.366347157815
11 4 6 0.360874674123
11 4 7 0.370945494983
11 4 8 0.361840478212
11 4 9 0.385712231083
11 5 1 0.363030227587
11 5 2 0.374384011016
11 5 3 0.366580936634
11 5 4 0.354167539946
11 5 5 0.342291542646
11 5 6 0.340577056525
11 5 7 0.342532793674
11 5 8 0.339304505593
11 5 9 0.344770035216
11 6 1 0.34224740996
11 6 2 0.330606602558
11 6 3 0.323504045395
11 6 4 0.332482444609
11 6 5 0.323522480861
11 6 6 0.326864442747
11 6 7 0.32663071078
11 6 8 0.319278926324
11 6 9 0.322342225834
11 7 1 0.336479157929
11 7 2 0.334572575091
11 7 3 0.329668376127
11 7 4 0.326423557588
11 7 5 0.320658794141
11 7 6 0.32035761496
11 7 7 0.321229851109
11 7 8 0.31710626129
11 7 9 0.320912997475
11 8 1 0.34430467023
11 8 2 0.340107302338
11 8 3 0.326079540596
11 8 4 0.318949606264
11 8 5 0.33866653154
11 8 6 0.325176777746
11 8 7 0.320957057422
11 8 8 0.322063038575
11 8 9 0.326485617163
11 9 1 0.34244898746
11 9 2 0.333108505987
11 9 3 0.312652163367
11 9 4 0.334310540368
11 9 5 0.317625023589
11 9 6 0.312452969017
11 9 7 0.311361388161
11 9 8 0.327065586856
11 9 9 0.321324826051
12 1 1 0.432991929426
12 1 2 0.45020298573
12 1 3 0.48885917005
12 1 4 0.532337673932
12 1 5 0.506099163977
12 1 6 0.526862834659
12 1 7 0.53818773185
12 1 8 0.503581728799
12 1 9 0.525366606347
12 2 1 0.422819320944
12 2 2 0.400883018844
12 2 3 0.409359031051
12 2 4 0.413204295737
12 2 5 0.435834829316
12 2 6 0.427037426663
12 2 7 0.456580267999
12 2 8 0.450954659268
12 2 9 0.421937107045
12 3 1 0.378552381655
12 3 2 0.38177559713
12 3 3 0.385454568899
12 3 4 0.390577926581
12 3 5 0.411370832015
12 3 6 0.392892221742
12 3 7 0.386786249415
12 3 8 0.4033819652
12 3 9 0.406040194781
12 4 1 0.388449048253
12 4 2 0.422690017835
12 4 3 0.369175727842
12 4 4 0.358782411213
12 4 5 0.386825392183
12 4 6 0.373567125357
12 4 7 0.391110021186
12 4 8 0.384725918532
12 4 9 0.372702851383
12 5 1 0.365610377294
12 5 2 0.357476478685
12 5 3 0.347495697258
12 5 4 0.341071495908
12 5 5 0.354091559433
12 5 6 0.343483882166
12 5 7 0.341503982948
12 5 8 0.340583082216
12 5 9 0.332143751287
12 6 1 0.353005823391
12 6 2 0.342321004918
12 6 3 0.331123170596
12 6 4 0.326831385614
12 6 5 0.321066835509
12 6 6 0.323199840665
12 6 7 0.320909372553
12 6 8 0.323368480818
12 6 9 0.323918983807
12 7 1 0.340287671657
12 7 2 0.323191782173
12 7 3 0.320902610256
12 7 4 0.319303797218
12 7 5 0.320250405871
12 7 6 0.318349963148
12 7 7 0.316355548075
12 7 8 0.318150108946
12 7 9 0.320298027714
12 8 1 0.358633749541
12 8 2 0.342059989475
12 8 3 0.323758212248
12 8 4 0.325006068799
12 8 5 0.320446512438
12 8 6 0.33419636119
12 8 7 0.332909964934
12 8 8 0.318831114937
12 8 9 0.324979038117
12 9 1 0.336158564219
12 9 2 0.33978244996
12 9 3 0.32635433101
12 9 4 0.330333349599
12 9 5 0.318047349161
12 9 6 0.331083679143
12 9 7 0.315106008065
12 9 8 0.314757218165
12 9 9 0.324101115036
13 1 1 0.45055654791
13 1 2 0.456478197238
13 1 3 0.459506966954
13 1 4 0.550055874341
13 1 5 0.493249548111
13 1 6 0.533043876765
13 1 7 0.529767018049
13 1 8 0.528309581816
13 1 9 0.551248185278
13 2 1 0.426404155256
13 2 2 0.463229193463
13 2 3 0.42550356513
13 2 4 0.451804745557
13 2 5 0.463386333336
13 2 6 0.457074472165
13 2 7 0.423747572719
13 2 8 0.434007053807
13 2 9 0.421878569088
13 3 1 0.379291359627
13 3 2 0.402140916227
13 3 3 0.425772865702
13 3 4 0.408364901067
13 3 5 0.413694215647
13 3 6 0.42427548436
13 3 7 0.391123043032
13 3 8 0.385313626989
13 3 9 0.404374876607
13 4 1 0.412427471219
13 4 2 0.364664093232
13 4 3 0.369082690799
13 4 4 0.403959240178
13 4 5 0.387593150132
13 4 6 0.373846984819
13 4 7 0.381668192484
13 4 8 0.378772731553
13 4 9 0.384087170332
13 5 1 0.36681755749
13 5 2 0.376675160948
13 5 3 0.336046715286
13 5 4 0.345529493467
13 5 5 0.336023226191
13 5 6 0.349006190262
13 5 7 0.348768202996
13 5 8 0.356684598008
13 5 9 0.345492052715
13 6 1 0.343766135794
13 6 2 0.339068510004
13 6 3 0.325841386646
13 6 4 0.327842861864
13 6 5 0.32171945131
13 6 6 0.320598640864
13 6 7 0.320425279403
13 6 8 0.318939496434
13 6 9 0.317694810701
13 7 1 0.339371175416
13 7 2 0.324139796373
13 7 3 0.325043127029
13 7 4 0.330423387261
13 7 5 0.317824954845
13 7 6 0.316029974759
13 7 7 0.317262955358
13 7 8 0.319144666211
13 7 9 0.315573831218
13 8 1 0.354556809642
13 8 2 0.343286960888
13 8 3 0.347731804786
13 8 4 0.341795028368
13 8 5 0.323826037643
13 8 6 0.313430580569
13 8 7 0.335897408417
13 8 8 0.319481133268
13 8 9 0.328279438016
13 9 1 0.341445150269
13 9 2 0.328496904561
13 9 3 0.333608361877
13 9 4 0.319533398301
13 9 5 0.321937540218
13 9 6 0.322463035703
13 9 7 0.314678701205
13 9 8 0.312874521093
13 9 9 0.315800071182
14 1 1 0.442586926799
14 1 2 0.488179424434
14 1 3 0.461700408491
14 1 4 0.511758871665
14 1 5 0.500935111535
14 1 6 0.472428488158
14 1 7 0.518747985531
14 1 8 0.534932385882
14 1 9 0.517086300786
14 2 1 0.437300821201
14 2 2 0.395276158541
14 2 3 0.439454338025
14 2 4 0.488503646332
14 2 5 0.434139544002
14 2 6 0.469769128207
14 2 7 0.452660149036
14 2 8 0.417681813299
14 2 9 0.450212462636
14 3 1 0.380464898777
14 3 2 0.444307426053
14 3 3 0.412647404762
14 3 4 0.394486299487
14 3 5 0.385293163526
14 3 6 0.398071127812
14 3 7 0.403965529951
14 3 8 0.42680742991
14 3 9 0.394364814679
14 4 1 0.384083616479
14 4 2 0.382261846186
14 4 3 0.383645703899
14 4 4 0.392673624306
14 4 5 0.362479336938
14 4 6 0.396026564311
14 4 7 0.388241255657
14 4 8 0.375589466017
14 4 9 0.364817610186
14 5 1 0.369622203218
14 5 2 0.345127291809
14 5 3 0.34812269484
14 5 4 0.348513658645
14 5 5 0.347629718199
14 5 6 0.336986278522
14 5 7 0.3419492826
14 5 8 0.340095046171
14 5 9 0.337634699378
14 6 1 0.354313487929
14 6 2 0.331543424977
14 6 3 0.327865166385
14 6 4 0.321662629919
14 6 5 0.328216816618
14 6 6 0.321514550873
14 6 7 0.320450395725
14 6 8 0.319576098195
14 6 9 0.321243713749
14 7 1 0.34064966271
14 7 2 0.326581067354
14 7 3 0.323655232002
14 7 4 0.321409579507
14 7 5 0.318664355839
14 7 6 0.326255208752
14 7 7 0.321163119497
14 7 8 0.31984710969
14 7 9 0.319758936767
14 8 1 0.330351759388
14 8 2 0.348383906749
14 8 3 0.336731531747
14 8 4 0.318876908841
14 8 5 0.320786397956
14 8 6 0.320185428003
14 8 7 0.325817940642
14 8 8 0.317448718123
14 8 9 0.31941255333
14 9 1 0.345345335306
14 9 2 0.336126972654
14 9 3 0.336418486259
14 9 4 0.315678810782
14 9 5 0.325321984872
14 9 6 0.312481909691
14 9 7 0.325905522369
14 9 8 0.325634752511
14 9 9 0.315218870989
15 1 1 0.470369396017
15 1 2 0.442545804682
15 1 3 0.4505226196
15 1 4 0.481938789188
15 1 5 0.545166869045
15 1 6 0.501555836163
15 1 7 0.525719244169
15 1 8 0.5436706752
15 1 9 0.508112196361
15 2 1 0.406455433698
15 2 2 0.412945812901
15 2 3 0.406925793884
15 2 4 0.433305311368
15 2 5 0.427036013006
15 2 6 0.432966030776
15 2 7 0.41848773924
15 2 8 0.43569228416
15 2 9 0.433905816636
15 3 1 0.383143141386
15 3 2 0.403396881001
15 3 3 0.378917413132
15 3 4 0.40562473065
15 3 5 0.423388442366
15 3 6 0.399105677791
15 3 7 0.400673885356
15 3 8 0.422545789138
15 3 9 0.417692993809
15 4 1 0.366827447585
15 4 2 0.371907782601
15 4 3 0.381024746908
15 4 4 0.365578607031
15 4 5 0.379034627668
15 4 6 0.395189230492
15 4 7 0.359766072505
15 4 8 0.36541910466
15 4 9 0.369827417128
15 5 1 0.374038840112
15 5 2 0.344302883551
15 5 3 0.341776831885
15 5 4 0.337922688883
15 5 5 0.343814405459
15 5 6 0.343780603733
15 5 7 0.348066452332
15 5 8 0.341707495288
15 5 9 0.335195839638
15 6 1 0.350821084809
15 6 2 0.32481650077
15 6 3 0.337169435703
15 6 4 0.323592682177
15 6 5 0.324816490078
15 6 6 0.320081149791
15 6 7 0.321315887969
15 6 8 0.320935006652
15 6 9 0.322215831959
15 7 1 0.338957690377
15 7 2 0.325071086915
15 7 3 0.32486086209
15 7 4 0.318303847599
15 7 5 0.320050959332
15 7 6 0.319089650132
15 7 7 0.321119866081
15 7 8 0.316675390962
15 7 9 0.316877954351
15 8 1 0.354559888745
15 8 2 0.319587163892
15 8 3 0.328333055113
15 8 4 0.335687969824
15 8 5 0.314023039837
15 8 6 0.318127304145
15 8 7 0.320420651924
15 8 8 0.313769641869
15 8 9 0.317722120959
15 9 1 0.346019040481
15 9 2 0.332979808549
15 9 3 0.319843289138
15 9 4 0.319247295181
15 9 5 0.312343803019
15 9 6 0.318780916232
15 9 7 0.316311004151
15 9 8 0.314520463862
15 9 9 0.313723334219
16 1 1 0.526783644065
16 1 2 0.460629281491
16 1 3 0.508363196264
16 1 4 0.516692093682
16 1 5 0.469395430577
16 1 6 0.522893810052
16 1 7 0.540615688496
16 1 8 0.544876046636
16 1 9 0.541931938959
16 2 1 0.462123808366
16 2 2 0.420370561699
16 2 3 0.400851986166
16 2 4 0.448759029381
16 2 5 0.424475265733
16 2 6 0.435291801299
16 2 7 0.41785555034
16 2 8 0.41959244126
16 2 9 0.441297074386
16 3 1 0.379553053706
16 3 2 0.378822981969
16 3 3 0.422270501848
16 3 4 0.404376458563
16 3 5 0.407679068936
16 3 6 0.42195844718
16 3 7 0.38686937465
16 3 8 0.40250083085
16 3 9 0.410122820003
16 4 1 0.359933629819
16 4 2 0.364765992016
16 4 3 0.362099862689
16 4 4 0.400286834132
16 4 5 0.365866588937
16 4 6 0.377653082443
16 4 7 0.394872950967
16 4 8 0.368378026953
16 4 9 0.377192735645
16 5 1 0.354059621588
16 5 2 0.380730519221
16 5 3 0.336566352919
16 5 4 0.346161121986
16 5 5 0.350435796754
16 5 6 0.338027691399
16 5 7 0.332829517266
16 5 8 0.344717696932
16 5 9 0.340328178032
16 6 1 0.339896958181
16 6 2 0.335747055963
16 6 3 0.326751013868
16 6 4 0.326306447334
16 6 5 0.318340211506
16 6 6 0.321470892675
16 6 7 0.319443812534
16 6 8 0.319532941494
16 6 9 0.317367800057
16 7 1 0.328591030244
16 7 2 0.327709825918
16 7 3 0.327713858968
16 7 4 0.318741258808
16 7 5 0.320658463413
16 7 6 0.318001880755
16 7 7 0.315830956836
16 7 8 0.320201817543
16 7 9 0.315807825273
16 8 1 0.332292728043
16 8 2 0.326276111298
16 8 3 0.333792707752
16 8 4 0.32016542565
16 8 5 0.324645044494
16 8 6 0.316524773719
16 8 7 0.319495980537
16 8 8 0.316782513804
16 8 9 0.318427055208
16 9 1 0.343496807208
16 9 2 0.330967210744
16 9 3 0.335939019419
16 9 4 0.317579284695
16 9 5 0.318161680296
16 9 6 0.314238926347
16 9 7 0.322214804563
16 9 8 0.320790650697
16 9 9 0.310991631701
17 1 1 0.409529691149
17 1 2 0.469827202275
17 1 3 0.473881558493
17 1 4 0.499628301219
17 1 5 0.48693823193
17 1 6 0.494788803782
17 1 7 0.504538030664
17 1 8 0.503362341342
17 1 9 0.542625814075
17 2 1 0.392453520762
17 2 2 0.417661122326
17 2 3 0.445984950321
17 2 4 0.419792132663
17 2 5 0.416220226884
17 2 6 0.421596549269
17 2 7 0.417409552532
17 2 8 0.435427496981
17 2 9 0.447535274448
17 3 1 0.419880547354
17 3 2 0.377269790177
17 3 3 0.409287739312
17 3 4 0.392135024456
17 3 5 0.430471883056
17 3 6 0.3823016579
17 3 7 0.390722784031
17 3 8 0.388989815229
17 3 9 0.395567183693
17 4 1 0.395381003582
17 4 2 0.390047454623
17 4 3 0.382243218754
17 4 4 0.396496939567
17 4 5 0.36358079466
17 4 6 0.392347933871
17 4 7 0.381741158933
17 4 8 0.362235509606
17 4 9 0.36731731099
17 5 1 0.349879055625
17 5 2 0.341749114844
17 5 3 0.338714444408
17 5 4 0.336741342242
17 5 5 0.347414805764
17 5 6 0.349505561529
17 5 7 0.334108055133
17 5 8 0.344352472861
17 5 9 0.336974447266
17 6 1 0.348552185339
17 6 2 0.325124961899
17 6 3 0.320076918892
17 6 4 0.330307802269
17 6 5 0.322582149223
17 6 6 0.322688073515
17 6 7 0.318164596812
17 6 8 0.320008553586
17 6 9 0.315581517195
17 7 1 0.333610458285
17 7 2 0.32477552916
17 7 3 0.325173642485
17 7 4 0.324971725614
17 7 5 0.317093367944
17 7 6 0.317442578071
17 7 7 0.318861308447
17 7 8 0.317531408543
17 7 9 0.314110447153
17 8 1 0.338821168632
17 8 2 0.342663238791
17 8 3 0.336714172302
17 8 4 0.320308441223
17 8 5 0.329900326639
17 8 6 0.319982235511
17 8 7 0.315776133068
17 8 8 0.318670749586
17 8 9 0.328801834386
17 9 1 0.328730948809
17 9 2 0.335879814534
17 9 3 0.332759228141
17 9 4 0.331002658613
17 9 5 0.321097577822
17 9 6 0.310218859826
17 9 7 0.314280124173
17 9 8 0.315426819828
17 9 9 0.312860838027
18 1 1 0.451311724485
18 1 2 0.501080166901
18 1 3 0.452878819075
18 1 4 0.577167031102
18 1 5 0.497943059
18 1 6 0.48265352465
18 1 7 0.503078186456
18 1 8 0.513652710278
18 1 9 0.514151504617
18 2 1 0.469021928324
18 2 2 0.426573153365
18 2 3 0.437837167193
18 2 4 0.417690530424
18 2 5 0.412405917336
18 2 6 0.42346940632
18 2 7 0.416433855771
18 2 8 0.426323151818
18 2 9 0.45149967271
18 3 1 0.516858748785
18 3 2 0.41811666963
18 3 3 0.410914540131
18 3 4 0.387525629212
18 3 5 0.41688477308
18 3 6 0.384408337456
18 3 7 0.416755216257
18 3 8 0.408632498709
18 3 9 0.419840078454
18 4 1 0.367091341243
18 4 2 0.364745030974
18 4 3 0.392387093823
18 4 4 0.379669940577
18 4 5 0.375057477474
18 4 6 0.373811682157
18 4 7 0.361837993977
18 4 8 0.365749534517
18 4 9 0.364873565362
18 5 1 0.34956498503
18 5 2 0.338633276169
18 5 3 0.34865233411
18 5 4 0.337342911856
18 5 5 0.334389670526
18 5 6 0.341546966817
18 5 7 0.343362484273
18 5 8 0.3387943739
18 5 9 0.338479138401
18 6 1 0.330044391334
18 6 2 0.34158555499
18 6 3 0.325678723621
18 6 4 0.322728675684
18 6 5 0.321380675361
18 6 6 0.323585556641
18 6 7 0.321178822389
18 6 8 0.321254193645
18 6 9 0.31639285282
18 7 1 0.332326348533
18 7 2 0.323283539699
18 7 3 0.323305224935
18 7 4 0.320201310332
18 7 5 0.315750035626
18 7 6 0.315538959282
18 7 7 0.315778381278
18 7 8 0.318135579942
18 7 9 0.313972619355
18 8 1 0.335965671855
18 8 2 0.335065676797
18 8 3 0.332959244292
18 8 4 0.332359899499
18 8 5 0.316422606379
18 8 6 0.328830363668
18 8 7 0.324238204808
18 8 8 0.317974528361
18 8 9 0.325406999643
18 9 1 0.327009516433
18 9 2 0.32983000972
18 9 3 0.331757878714
18 9 4 0.317204838118
18 9 5 0.308699860161
18 9 6 0.328068739505
18 9 7 0.326154944585
18 9 8 0.313263575044
18 9 9 0.311357605943
19 1 1 0.40612024471
19 1 2 0.451416548407
19 1 3 0.466478946783
19 1 4 0.50835109567
19 1 5 0.567488618725
19 1 6 0.561888012133
19 1 7 0.559629333437
19 1 8 0.549668559285
19 1 9 0.51160050135
19 2 1 0.416540488641
19 2 2 0.430789552451
19 2 3 0.400364666473
19 2 4 0.401266108418
19 2 5 0.421385293088
19 2 6 0.412302857409
19 2 7 0.469918818247
19 2 8 0.413677823642
19 2 9 0.422941645823
19 3 1 0.38463296345
19 3 2 0.413796395882
19 3 3 0.376066045827
19 3 4 0.407535903879
19 3 5 0.392236993068
19 3 6 0.398076514262
19 3 7 0.403890603933
19 3 8 0.407234531726
19 3 9 0.384041436853
19 4 1 0.437273594216
19 4 2 0.414121194673
19 4 3 0.384752526095
19 4 4 0.390827788554
19 4 5 0.366667456836
19 4 6 0.361941290683
19 4 7 0.358045873375
19 4 8 0.372360669103
19 4 9 0.366578853924
19 5 1 0.377528126934
19 5 2 0.352993959534
19 5 3 0.341210154652
19 5 4 0.342736193046
19 5 5 0.336861201354
19 5 6 0.345462333417
19 5 7 0.331111799377
19 5 8 0.338494341059
19 5 9 0.335811387306
19 6 1 0.344964816652
19 6 2 0.329103601298
19 6 3 0.323524173137
19 6 4 0.32203169754
19 6 5 0.319553723633
19 6 6 0.320184818101
19 6 7 0.31876266959
19 6 8 0.318040038158
19 6 9 0.319376603936
19 7 1 0.348243328423
19 7 2 0.324558013543
19 7 3 0.322335138864
19 7 4 0.3204741061
19 7 5 0.318261218248
19 7 6 0.317487134644
19 7 7 0.317597964607
19 7 8 0.317508566885
19 7 9 0.31946487259
19 8 1 0.331589917551
19 8 2 0.334351967761
19 8 3 0.3252362733
19 8 4 0.325071409133
19 8 5 0.314742600596
19 8 6 0.326893090731
19 8 7 0.319199379447
19 8 8 0.3161078937
19 8 9 0.316055441356
19 9 1 0.350065851003
19 9 2 0.335395269638
19 9 3 0.324705009195
19 9 4 0.328930417903
19 9 5 0.316756988855
19 9 6 0.313848050808
19 9 7 0.325372483956
19 9 8 0.316378649843
19 9 9 0.309992576418
