model = RandomForestRegressor(n_estimators=q, criterion = mse, min_samples_split = 3 )
15 5 5 0.337125574246
15 5 6 0.340736197408
15 5 7 0.336501896953
15 5 8 0.348503056358
15 5 9 0.338307637473
15 6 5 0.322414348501
15 6 6 0.32212820674
15 6 7 0.323600983477
15 6 8 0.315831452904
15 6 9 0.317323959675
15 7 5 0.320288949648
15 7 6 0.318947682329
15 7 7 0.315035099968
15 7 8 0.317267925788
15 7 9 0.314956361515
15 8 5 0.329897293054
15 8 6 0.336187170638
15 8 7 0.322884723652
15 8 8 0.317036641721
15 8 9 0.31515499241
15 9 5 0.315640945964
15 9 6 0.321022163093
15 9 7 0.317425235396
15 9 8 0.322473360583
15 9 9 0.310752685834
15 10 5 0.289288504706
15 10 6 0.285617383683
15 10 7 0.277291440731
15 10 8 0.275121288702
15 10 9 0.269138045772
16 5 5 0.333102867596
16 5 6 0.339475852017
16 5 7 0.336472924129
16 5 8 0.342868653217
16 5 9 0.341192573067
16 6 5 0.318731388837
16 6 6 0.320352358776
16 6 7 0.314623012232
16 6 8 0.317207537348
16 6 9 0.320890918639
16 7 5 0.317291438497
16 7 6 0.316817124702
16 7 7 0.316213203719
16 7 8 0.315210901757
16 7 9 0.315867776639
16 8 5 0.334310037419
16 8 6 0.313989982301
16 8 7 0.332102260126
16 8 8 0.325587650693
16 8 9 0.317314108983
16 9 5 0.314111234025
16 9 6 0.324867070434
16 9 7 0.322705250015
16 9 8 0.324937167629
16 9 9 0.317551354985
16 10 5 0.292191894686
16 10 6 0.280913805006
16 10 7 0.277277235512
16 10 8 0.27665327493
16 10 9 0.270686644313
17 5 5 0.341075729083
17 5 6 0.34213802388
17 5 7 0.334557208742
17 5 8 0.336115425002
17 5 9 0.343636431434
17 6 5 0.319097572346
17 6 6 0.319185395571
17 6 7 0.318179026444
17 6 8 0.321381656879
17 6 9 0.316402180392
17 7 5 0.316087219463
17 7 6 0.319033340574
17 7 7 0.319830632948
17 7 8 0.314205248263
17 7 9 0.315886357761
17 8 5 0.318584789866
17 8 6 0.313017904367
17 8 7 0.316582823266
17 8 8 0.322407665033
17 8 9 0.315099756744
17 9 5 0.330062397253
17 9 6 0.311533032901
17 9 7 0.310982715539
17 9 8 0.315466155337
17 9 9 0.317048465027
17 10 5 0.29111326948
17 10 6 0.283540762143
17 10 7 0.279642814401
17 10 8 0.2772692799
17 10 9 0.267552400686
18 5 5 0.345878700781
18 5 6 0.340585888739
18 5 7 0.339049641944
18 5 8 0.342731545657
18 5 9 0.336366478268
18 6 5 0.319958831691
18 6 6 0.32169111465
18 6 7 0.316310563625
18 6 8 0.319335390914
18 6 9 0.317747799824
18 7 5 0.318818871094
18 7 6 0.317264191198
18 7 7 0.315459230295
18 7 8 0.314461106623
18 7 9 0.313555541133
18 8 5 0.328610371625
18 8 6 0.318807101227
18 8 7 0.314891067552
18 8 8 0.317751389674
18 8 9 0.315114302579
18 9 5 0.314407739807
18 9 6 0.32216437532
18 9 7 0.318642765913
18 9 8 0.322530207202
18 9 9 0.316514284852
18 10 5 0.287312006401
18 10 6 0.284740832414
18 10 7 0.282782305026
18 10 8 0.276620443404
18 10 9 0.271692160343
19 5 5 0.345982519942
19 5 6 0.339975467686
19 5 7 0.334467866563
19 5 8 0.336152704587
19 5 9 0.337438736125
19 6 5 0.325880513807
19 6 6 0.318529772587
19 6 7 0.319126151495
19 6 8 0.323011331022
19 6 9 0.319447367418
19 7 5 0.318259341665
19 7 6 0.311833884083
19 7 7 0.315543218359
19 7 8 0.31622341657
19 7 9 0.315329367152
19 8 5 0.324722142631
19 8 6 0.317114814714
19 8 7 0.319223431349
19 8 8 0.315603314711
19 8 9 0.31214804981
19 9 5 0.32251583021
19 9 6 0.32990617343
19 9 7 0.310302367713
19 9 8 0.321500108651
19 9 9 0.307998768028
19 10 5 0.287927505259
19 10 6 0.283151498108
19 10 7 0.279431796863
19 10 8 0.274103268622
19 10 9 0.273746336102
20 5 5 0.34760198373
20 5 6 0.344028284619
20 5 7 0.338612083682
20 5 8 0.341917335812
20 5 9 0.338846931159
20 6 5 0.324978501872
20 6 6 0.31796750295
20 6 7 0.318763101365
20 6 8 0.318789919494
20 6 9 0.318020460063
20 7 5 0.316274550978
20 7 6 0.315328767079
20 7 7 0.31712657023
20 7 8 0.314187699243
20 7 9 0.317046853253
20 8 5 0.31608196112
20 8 6 0.328782698977
20 8 7 0.314289427827
20 8 8 0.328179203579
20 8 9 0.325558689733
20 9 5 0.325815073043
20 9 6 0.311427651023
20 9 7 0.312421024827
20 9 8 0.314774973883
20 9 9 0.31529714067
20 10 5 0.289024031131
20 10 6 0.283323234657
20 10 7 0.278656016337
20 10 8 0.272497883228
20 10 9 0.268939095788
21 5 5 0.342182534414
21 5 6 0.338808523373
21 5 7 0.34449451204
21 5 8 0.33884119185
21 5 9 0.340396964323
21 6 5 0.319341272801
21 6 6 0.31390010213
21 6 7 0.315268419012
21 6 8 0.318714405454
21 6 9 0.31844289111
21 7 5 0.31949033578
21 7 6 0.315410519885
21 7 7 0.312312919206
21 7 8 0.315079270429
21 7 9 0.317695749741
21 8 5 0.318841936667
21 8 6 0.314560859791
21 8 7 0.324440766665
21 8 8 0.311417381104
21 8 9 0.313965139671
21 9 5 0.325479475836
21 9 6 0.321349322837
21 9 7 0.314262398372
21 9 8 0.310396708624
21 9 9 0.315731011737
21 10 5 0.28859990416
21 10 6 0.282208888786
21 10 7 0.277729511533
21 10 8 0.275368761375
21 10 9 0.271041412626
22 5 5 0.34904667434
22 5 6 0.345670044236
22 5 7 0.336998862526
22 5 8 0.335675522638
22 5 9 0.33561609228
22 6 5 0.321719163534
22 6 6 0.321829588677
22 6 7 0.317055626545
22 6 8 0.323100781968
22 6 9 0.316809106877
22 7 5 0.315939814236
22 7 6 0.318367400779
22 7 7 0.313952387884
22 7 8 0.311491505144
22 7 9 0.315245584712
22 8 5 0.317308669195
22 8 6 0.326387441267
22 8 7 0.314217612826
22 8 8 0.327236161401
22 8 9 0.31159345512
22 9 5 0.312377977397
22 9 6 0.318133655153
22 9 7 0.316502045618
22 9 8 0.319575981226
22 9 9 0.315177473975
22 10 5 0.290850191445
22 10 6 0.280677968355
22 10 7 0.2772268733
22 10 8 0.270294653819
22 10 9 0.270246378855
